0 0.409403 0.675191 0.059092 0.113837
0 0.284803 0.690960 0.060634 0.132795
0 0.340656 0.542939 0.051363 0.061994
0 0.850839 0.694011 0.089524 0.083179
0 0.521507 0.653724 0.071308 0.110246
0 0.267226 0.587078 0.047428 0.076532
0 0.700339 0.598918 0.066691 0.071302
0 0.715334 0.513649 0.055372 0.059791
0 0.456186 0.604014 0.051342 0.077183
0 0.774732 0.870416 0.118639 0.148305
0 0.576257 0.483079 0.050875 0.052887
0 0.877771 0.645668 0.082686 0.071266
0 0.246949 0.907259 0.098729 0.153554
0 0.366017 0.424789 0.040144 0.047312
0 0.313867 0.415050 0.029778 0.041597
