0 0.476267 0.632669 0.059901 0.081891
0 0.700044 0.537701 0.057025 0.058634
0 0.736105 0.518401 0.052775 0.050630
0 0.285626 0.625569 0.053943 0.103528
0 0.616545 0.497650 0.051568 0.059653
0 0.842542 0.615944 0.072768 0.069460
0 0.778333 0.642957 0.087620 0.117119
0 0.262275 0.898540 0.121715 0.191676
0 0.552842 0.472120 0.052295 0.055626
0 0.292566 0.503793 0.040142 0.049765
0 0.623305 0.679706 0.078013 0.101857
0 0.438079 0.582190 0.048577 0.062823
0 0.205137 0.473781 0.026139 0.029676
0 0.338212 0.525935 0.062264 0.090029
0 0.990822 0.642320 0.018022 0.057979
