0 0.866850 0.720815 0.096036 0.097522
0 0.620635 0.550564 0.052275 0.055546
0 0.267319 0.539249 0.040162 0.069184
0 0.502387 0.554025 0.049202 0.056478
0 0.240485 0.466329 0.041900 0.049714
0 0.659369 0.514187 0.059819 0.047861
0 0.396122 0.691527 0.059345 0.093451
0 0.745026 0.559567 0.055696 0.054772
0 0.779270 0.545604 0.044672 0.039959
0 0.697782 0.591555 0.142870 0.134150
0 0.227262 0.470312 0.069099 0.060275
0 0.289471 0.501902 0.037482 0.041799
0 0.560854 0.510094 0.048671 0.048573
