0 0.293238 0.778487 0.072429 0.150001
0 0.737738 0.492532 0.051560 0.051851
0 0.748549 0.577974 0.070610 0.064351
0 0.544286 0.733533 0.073798 0.110305
0 0.301061 0.596231 0.042793 0.074350
0 0.897284 0.460249 0.070924 0.064395
0 0.508845 0.566374 0.054640 0.063157
0 0.328017 0.541380 0.038568 0.062971
0 0.292254 0.506644 0.039015 0.062094
0 0.251699 0.551087 0.041079 0.049460
0 0.913604 0.577305 0.082950 0.086503
0 0.322053 0.417251 0.041477 0.034155
0 0.333814 0.486025 0.042556 0.046043
