0 0.597602 0.826566 0.094046 0.139774
0 0.498113 0.628717 0.066484 0.102195
0 0.766157 0.642273 0.077371 0.085114
0 0.920125 0.651619 0.100229 0.102757
0 0.703902 0.503557 0.056852 0.056698
0 0.628616 0.510551 0.052250 0.047594
0 0.650878 0.573162 0.051318 0.038800
0 0.467348 0.438741 0.040352 0.050375
0 0.308670 0.521280 0.039963 0.057483
0 0.544999 0.502130 0.044726 0.050055
0 0.657919 0.699172 0.088584 0.113532
0 0.401005 0.677423 0.060994 0.114911
0 0.443541 0.502948 0.049435 0.066782
0 0.426201 0.434782 0.024466 0.028348
0 0.369398 0.587653 0.046723 0.076756
0 0.390765 0.585009 0.090292 0.082128
0 0.352503 0.413268 0.024748 0.037477
0 0.824797 0.925015 0.050745 0.122095
0 0.409317 0.582924 0.053506 0.068408
0 0.693452 0.502634 0.035780 0.050657
