0 0.722700 0.548442 0.064522 0.070155
0 0.595126 0.528715 0.048922 0.060610
0 0.839030 0.618602 0.091758 0.080884
0 0.499824 0.556871 0.065250 0.073040
0 0.532348 0.674668 0.070003 0.105190
0 0.491508 0.462477 0.038531 0.040226
0 0.626020 0.499548 0.052102 0.053192
0 0.447816 0.457743 0.046500 0.048254
0 0.440616 0.581763 0.052114 0.067078
0 0.353423 0.465379 0.048799 0.066298
0 0.279228 0.579276 0.102594 0.212711
0 0.342873 0.543016 0.040089 0.067772
0 0.298935 0.523332 0.123207 0.097703
