0 0.528711 0.726477 0.068357 0.103099
0 0.718420 0.604092 0.064607 0.080352
0 0.850080 0.562395 0.061764 0.079164
0 0.785408 0.561993 0.099036 0.095275
0 0.276934 0.604681 0.046835 0.076678
0 0.456923 0.587200 0.055905 0.070346
0 0.591026 0.523119 0.037328 0.045506
0 0.386321 0.626483 0.060343 0.094065
0 0.482927 0.471907 0.041497 0.029542
0 0.575606 0.480162 0.052035 0.051057
0 0.613720 0.476444 0.036591 0.034638
0 0.306183 0.413299 0.020096 0.019605
0 0.482749 0.459958 0.040453 0.051099
