0 0.811195 0.676157 0.085024 0.082913
0 0.682722 0.721693 0.086204 0.128086
0 0.522503 0.693179 0.066523 0.116258
0 0.676910 0.580740 0.062206 0.066813
0 0.929126 0.608486 0.083601 0.075302
0 0.397578 0.657518 0.069682 0.137233
0 0.596526 0.529817 0.038639 0.048935
0 0.610254 0.474089 0.050340 0.051626
0 0.447280 0.573405 0.053784 0.065833
0 0.979399 0.580126 0.041131 0.071697
0 0.936514 0.692204 0.085643 0.076552
0 0.282737 0.782113 0.078509 0.169551
0 0.840418 0.959726 0.047194 0.068269
0 0.663152 0.476289 0.043755 0.030862
