0 0.830717 0.612060 0.071615 0.062134
0 0.985583 0.636268 0.028379 0.087584
0 0.639145 0.561511 0.038597 0.050622
0 0.307414 0.529334 0.047014 0.072653
0 0.239656 0.521168 0.040262 0.063158
0 0.382115 0.624200 0.050769 0.077228
0 0.340459 0.421075 0.031584 0.039029
0 0.668085 0.521964 0.043824 0.044940
0 0.423810 0.421688 0.037072 0.034142
0 0.507132 0.464465 0.040361 0.037973
0 0.874927 0.697773 0.079147 0.081975
0 0.273966 0.839490 0.085650 0.135766
0 0.853081 0.942514 0.107052 0.108260
