0 0.635225 0.557437 0.058963 0.051932
0 0.772848 0.652859 0.078313 0.090582
0 0.814422 0.519593 0.059911 0.057921
0 0.768798 0.568941 0.067366 0.067308
0 0.608120 0.889677 0.110720 0.182291
0 0.275812 0.707996 0.062686 0.101271
0 0.271942 0.832723 0.080509 0.161891
0 0.686521 0.742692 0.090186 0.116352
0 0.497333 0.481389 0.042759 0.038745
0 0.462691 0.949442 0.114285 0.095075
0 0.326355 0.416862 0.034856 0.035873
0 0.538366 0.471200 0.017860 0.025182
0 0.762919 0.409317 0.037429 0.050437
0 0.965619 0.707660 0.064377 0.065278
