0 0.709702 0.551837 0.060689 0.062009
0 0.821997 0.559022 0.068779 0.055775
0 0.424317 0.566545 0.052338 0.080403
0 0.301056 0.650071 0.051653 0.093047
0 0.332495 0.536978 0.043034 0.062368
0 0.778429 0.655237 0.084579 0.071572
0 0.567647 0.498555 0.055548 0.091256
0 0.800589 0.506883 0.063263 0.047667
0 0.682033 0.497558 0.052504 0.052873
0 0.565293 0.478837 0.051895 0.052150
0 0.258870 0.546059 0.041849 0.098839
0 0.955595 0.604546 0.060474 0.070997
0 0.633386 0.444937 0.087335 0.080432
