0 0.825617 0.553175 0.072457 0.071037
0 0.765851 0.602366 0.068690 0.075497
0 0.559058 0.775171 0.082111 0.124766
0 0.835090 0.689382 0.090303 0.084548
0 0.485961 0.466684 0.033977 0.043108
0 0.555629 0.460848 0.035247 0.038971
0 0.282716 0.652711 0.056105 0.099877
0 0.323360 0.515881 0.047536 0.090808
0 0.502846 0.649899 0.069930 0.107854
0 0.245195 0.468886 0.037838 0.045955
0 0.352063 0.438154 0.024986 0.019631
0 0.396699 0.429839 0.020931 0.020995
0 0.474446 0.467381 0.056927 0.043307
